46 46 2 52
0 0 0 0 0 0 0 0 0 0 0 0 0 0 0 0 0 0 0 0 0 0 0 0 0 0 0 0 0 0 0 0 0 0 0 0 0 0 0 0 0 0 0 0 0 0
0 0 0 0 0 0 0 0 0 0 0 0 0 0 0 0 0 0 0 0 0 0 0 0 0 0 0 0 0 0 0 0 0 0 0 0 0 0 0 0 0 0 0 0 0 0
0 0 0 3 4 4 3 4 5 6 5 5 7 9 8 6 3 3 4 6 9 10 11 10 8 6 4 2 4 6 8 7 5 3 3 5 7 7 7 7 8 10 9 7 0 0
0 0 0 4 4 4 3 4 6 7 6 7 9 11 10 6 4 3 4 6 9 10 13 14 13 9 5 3 5 7 9 8 7 6 7 8 8 8 7 9 11 13 12 9 0 0
0 0 0 5 4 3 3 4 5 7 8 11 14 14 10 6 4 4 5 5 7 9 14 17 17 12 7 3 6 8 10 8 8 9 11 11 9 8 8 10 12 14 13 10 0 0
0 0 0 4 3 3 3 3 4 6 9 14 16 15 10 6 4 4 4 4 6 9 14 18 18 13 8 4 6 9 10 9 9 11 12 11 9 7 8 8 10 12 11 9 0 0
0 0 0 4 3 4 4 4 4 5 8 13 16 15 10 5 3 4 4 4 6 9 16 20 20 15 9 4 6 9 10 9 8 9 11 10 8 6 6 6 6 8 9 7 0 0
0 0 0 5 7 8 8 7 6 5 6 11 13 13 9 5 2 3 4 4 6 11 18 24 25 19 12 6 6 9 10 9 7 7 8 7 5 4 4 3 4 5 7 6 0 0
0 0 0 8 10 12 13 10 7 5 4 7 10 12 9 5 3 3 4 4 7 14 23 29 31 27 19 11 8 10 11 9 6 5 6 5 4 3 3 4 5 5 6 7 0 0
0 0 0 11 13 14 14 11 7 4 3 6 10 11 10 6 3 3 4 6 11 20 29 35 37 35 28 19 14 12 12 10 6 4 4 4 4 4 3 5 7 8 8 8 0 0
0 0 0 12 12 11 10 8 5 3 3 6 10 12 10 6 3 3 6 11 19 28 35 40 42 41 36 29 23 19 15 11 6 3 3 3 4 3 3 6 10 12 11 8 0 0
0 0 0 11 9 6 4 4 3 2 2 5 10 12 10 5 3 5 11 20 30 37 41 44 45 44 42 38 33 29 22 14 7 3 3 3 3 3 3 6 10 12 10 6 0 0
0 0 0 7 6 3 2 2 2 2 2 5 10 12 10 6 5 10 20 31 39 42 43 44 45 46 45 44 42 38 31 21 12 5 3 3 3 3 3 5 8 9 7 5 0 0
0 0 0 4 4 3 3 3 3 3 3 6 10 12 11 9 10 19 29 39 44 44 42 42 43 46 47 47 47 44 39 30 20 11 7 4 3 3 3 4 5 6 5 4 0 0
0 0 0 3 3 3 3 3 3 3 3 6 11 14 14 14 20 29 37 42 44 43 41 40 42 46 48 48 47 46 43 38 31 22 14 8 5 3 3 3 4 4 4 4 0 0
0 0 0 3 3 3 3 3 3 3 3 7 12 17 20 24 30 38 41 43 43 42 41 41 43 45 47 46 45 44 44 43 40 34 24 15 7 3 3 3 3 3 3 4 0 0
0 0 0 2 2 3 3 3 2 2 2 7 14 22 28 34 39 43 45 44 44 44 44 44 45 45 44 43 42 42 43 44 45 41 34 23 12 5 3 2 2 2 2 3 0 0
0 0 0 2 2 2 3 2 2 3 4 10 19 30 37 42 44 46 46 45 45 46 47 48 47 45 41 38 38 41 43 45 46 45 41 32 20 10 5 3 2 2 2 2 0 0
0 0 0 3 3 3 3 3 3 5 9 18 29 39 45 46 46 46 45 44 45 48 50 50 49 45 38 34 35 41 45 46 45 45 43 37 28 18 10 5 3 3 3 3 0 0
0 0 0 3 3 3 3 4 6 11 18 29 38 45 46 46 45 45 43 42 43 48 51 52 51 45 38 33 35 42 47 47 46 44 42 38 33 27 19 11 6 4 3 3 0 0
0 0 0 3 3 3 3 5 9 16 25 34 41 45 45 45 44 45 43 42 43 47 50 51 50 46 41 37 38 43 48 48 47 43 38 34 33 32 28 20 11 6 3 3 0 0
0 0 0 6 6 6 6 9 14 20 27 33 38 42 43 43 44 45 45 44 44 45 47 49 49 47 45 43 43 44 47 47 46 41 34 29 29 34 35 29 19 11 7 5 0 0
0 0 0 11 11 10 11 14 20 24 26 30 36 41 42 42 44 46 47 47 45 44 44 45 46 46 47 46 45 44 44 45 45 40 31 24 25 30 36 35 27 18 12 9 0 0
0 0 0 14 15 13 13 18 24 27 30 32 37 41 42 42 43 45 47 47 45 43 43 43 43 45 46 47 45 43 42 44 44 39 30 23 23 29 36 36 30 21 15 12 0 0
0 0 0 12 12 11 11 16 23 30 35 38 41 43 43 42 43 44 46 46 44 43 43 43 42 43 45 46 44 42 42 44 44 39 31 25 25 30 35 34 27 18 13 10 0 0
0 0 0 7 7 7 7 11 18 27 37 42 44 43 42 42 44 45 45 45 43 43 43 43 42 43 44 46 44 42 42 43 44 40 33 28 29 32 32 27 19 11 7 6 0 0
0 0 0 6 5 4 4 6 11 20 31 39 42 42 41 42 45 45 44 43 41 41 40 40 39 42 43 45 44 41 41 42 43 40 34 29 29 30 26 18 10 5 3 2 0 0
0 0 0 11 10 8 6 6 8 14 23 30 34 37 40 42 44 45 44 41 38 36 35 34 34 35 38 42 41 39 39 40 41 38 32 26 25 23 18 10 5 3 2 2 0 0
0 0 0 15 15 14 11 9 9 12 16 20 25 30 36 40 41 41 40 36 33 30 28 28 27 28 30 33 35 36 37 39 38 35 28 22 18 15 10 5 3 3 3 3 0 0
0 0 0 14 16 16 14 12 10 11 11 13 17 23 30 35 36 35 33 31 29 27 25 26 27 25 23 24 27 30 34 36 35 30 23 16 12 9 5 4 3 3 3 3 0 0
0 0 0 10 12 13 13 10 9 8 8 10 12 17 23 28 30 30 30 31 31 29 28 30 32 30 24 19 20 23 28 31 29 25 18 11 7 5 3 3 3 3 3 3 0 0
0 0 0 4 6 7 8 7 6 5 5 7 10 13 16 19 23 27 32 35 36 34 34 36 39 38 31 24 20 21 23 24 22 18 12 6 3 3 2 2 2 2 2 2 0 0
0 0 0 3 3 3 3 3 3 3 3 6 8 10 10 11 15 24 33 39 40 38 37 39 41 42 38 32 26 23 21 18 14 10 7 4 2 2 2 2 3 4 5 5 0 0
0 0 0 3 3 3 4 4 4 3 3 5 8 9 8 8 11 20 30 38 41 40 38 38 40 41 40 38 34 28 22 15 10 6 4 3 3 3 3 4 5 7 9 9 0 0
0 0 0 3 3 4 6 7 6 4 3 5 7 8 8 8 9 14 21 30 36 37 36 37 38 39 39 39 36 29 20 13 7 4 3 3 3 3 4 6 8 10 12 11 0 0
0 0 0 3 3 4 7 7 7 4 3 4 6 8 8 8 8 9 13 20 28 33 35 37 38 39 38 36 30 23 15 10 6 3 3 3 3 3 4 7 8 10 10 9 0 0
0 0 0 3 3 4 6 7 5 3 2 4 6 7 7 6 6 6 7 12 20 27 33 37 40 40 35 28 20 14 9 6 4 2 2 2 3 4 5 7 7 7 7 6 0 0
0 0 0 3 3 4 5 5 4 3 3 5 6 7 6 4 3 4 4 7 13 20 28 35 39 37 29 19 12 8 7 5 4 2 2 2 4 7 9 8 6 4 5 5 0 0
0 0 0 3 4 5 5 5 3 3 4 6 8 8 7 5 4 3 3 5 8 13 21 29 32 29 20 11 6 5 6 6 5 4 4 4 7 11 14 12 7 5 6 6 0 0
0 0 0 3 4 5 5 5 4 3 5 7 8 9 8 7 6 4 3 4 5 7 13 21 24 20 13 6 4 5 5 7 8 7 6 5 8 13 16 14 10 7 6 6 0 0
0 0 0 3 3 3 4 3 3 3 4 6 7 8 9 8 7 4 3 3 4 4 9 14 17 14 9 4 4 4 5 6 8 8 7 6 8 11 13 12 10 7 5 4 0 0
0 0 0 2 2 2 2 2 2 2 3 4 4 6 8 8 6 4 3 3 3 3 7 12 14 12 7 3 4 4 4 5 6 6 5 4 5 7 7 7 7 5 4 3 0 0
0 0 0 2 2 2 2 2 2 2 2 2 3 5 6 6 4 3 3 3 3 3 7 11 13 11 6 3 3 4 3 4 4 4 3 3 3 3 4 4 4 4 4 4 0 0
0 0 0 3 3 3 3 3 3 3 3 3 4 5 5 4 4 3 4 4 4 4 7 10 11 9 6 3 4 4 4 3 3 3 3 3 3 3 3 3 3 3 5 5 0 0
0 0 0 0 0 0 0 0 0 0 0 0 0 0 0 0 0 0 0 0 0 0 0 0 0 0 0 0 0 0 0 0 0 0 0 0 0 0 0 0 0 0 0 0 0 0
0 0 0 0 0 0 0 0 0 0 0 0 0 0 0 0 0 0 0 0 0 0 0 0 0 0 0 0 0 0 0 0 0 0 0 0 0 0 0 0 0 0 0 0 0 0
