46 46 1 63
0 0 0 0 0 0 0 0 0 0 0 0 0 0 0 0 0 0 0 0 0 0 0 0 0 0 0 0 0 0 0 0 0 0 0 0 0 0 0 0 0 0 0 0 0 0
0 1 1 1 1 1 1 1 1 11 1 1 1 21 5 1 1 1 1 1 1 1 21 4 1 1 1 1 1 1 21 1 11 4 1 1 1 1 1 1 1 1 1 1 1 0
0 2 2 2 22 2 2 2 2 2 2 2 2 22 21 2 2 2 2 2 52 2 22 2 2 2 2 2 2 2 22 2 2 2 2 2 2 52 2 2 2 52 2 2 2 0
0 3 3 3 3 3 3 3 3 43 3 3 3 23 24 3 3 3 3 3 3 3 23 3 48 3 3 3 3 3 23 3 3 3 3 3 3 3 3 3 3 3 3 43 3 0
0 4 4 4 4 4 4 4 4 4 4 4 4 24 4 4 14 4 4 4 4 4 24 4 41 4 4 4 4 4 24 4 4 4 42 4 4 4 4 4 44 48 4 4 4 0
0 55 5 5 5 5 5 5 5 5 5 4 55 27 1 5 5 5 15 5 5 5 27 1 48 1 5 5 1 5 27 1 5 15 55 5 5 51 5 5 5 5 5 1 5 0
0 1 1 1 1 1 1 1 1 1 11 51 5 28 29 1 1 1 1 1 1 1 28 29 42 48 1 13 5 1 28 29 1 1 1 1 1 1 1 1 1 1 51 5 11 0
0 2 2 2 2 2 2 2 2 2 2 2 2 29 2 2 2 2 12 2 12 2 29 2 48 2 2 2 2 2 29 2 2 2 42 2 2 2 12 2 2 2 2 2 2 0
0 3 3 3 43 3 3 53 3 3 3 3 3 31 3 3 3 3 3 3 3 3 31 48 43 48 3 3 3 3 31 3 3 3 3 3 3 3 3 3 3 3 3 3 3 0
0 4 4 4 4 44 44 4 4 4 4 4 4 30 4 4 4 4 4 4 4 4 30 48 48 48 48 4 4 4 30 4 4 4 4 4 4 4 4 4 4 4 4 4 44 0
0 5 45 8 1 5 5 5 5 5 5 5 5 32 1 5 5 5 5 5 5 48 32 48 48 48 8 48 5 1 32 1 5 5 5 5 5 1 5 5 5 55 1 5 5 0
0 1 9 51 5 1 1 1 1 1 1 1 1 34 35 1 1 1 1 1 48 48 34 48 60 48 48 48 48 5 34 63 1 1 1 1 13 5 1 1 1 51 55 1 1 0
0 2 2 2 2 2 2 2 2 2 2 2 2 35 2 2 2 2 2 48 48 58 35 48 48 48 48 62 48 48 63 2 2 2 2 2 2 2 2 2 12 12 2 2 2 0
0 3 3 3 3 3 3 3 3 3 3 3 3 34 3 3 3 3 48 48 58 48 48 4 48 48 42 48 48 48 63 48 3 3 3 3 3 3 3 3 3 3 3 3 3 0
0 4 4 4 4 4 4 4 4 4 4 4 4 35 4 4 4 48 48 5 48 48 35 48 48 48 48 55 48 48 55 48 48 4 4 4 4 4 4 4 4 4 4 14 4 0
0 5 5 5 5 5 5 1 5 5 5 5 5 38 1 5 48 41 48 48 48 40 38 48 48 48 48 48 48 3 38 48 48 48 45 1 5 5 5 5 5 5 5 5 5 0
0 1 1 1 1 1 8 5 1 1 1 1 1 40 48 48 48 48 48 48 48 48 40 48 48 48 18 48 48 48 50 48 48 41 54 54 1 1 1 1 1 1 1 1 1 0
0 2 2 2 2 2 2 2 2 2 2 2 2 48 48 48 41 44 60 48 48 48 48 48 42 63 48 4 48 48 48 18 48 48 54 48 2 2 2 2 2 2 2 2 2 0
0 3 3 3 3 3 3 3 3 3 3 3 4 60 48 48 48 48 48 3 48 48 60 48 48 48 48 48 28 48 60 48 48 42 44 48 48 3 3 3 3 3 3 3 3 0
0 4 4 4 4 4 4 4 4 4 4 48 58 63 48 48 42 48 48 48 48 48 63 58 48 63 48 7 8 48 63 48 48 43 54 4 48 48 4 4 4 4 4 4 4 0
0 5 5 5 5 5 5 5 5 5 48 48 8 60 10 48 41 45 48 48 28 48 60 58 48 48 48 8 48 48 60 48 48 40 44 1 8 48 48 5 1 5 5 5 5 0
0 1 1 1 1 1 1 1 1 48 33 48 8 48 48 48 48 48 48 48 38 48 48 38 46 48 48 48 48 48 41 48 48 48 44 54 48 48 48 48 5 1 1 1 1 0
0 2 2 2 2 2 2 2 48 4 4 4 58 41 48 48 42 44 48 48 48 41 38 38 48 48 63 48 48 18 41 48 48 48 4 8 4 38 48 18 48 2 2 2 2 0
0 3 48 48 38 41 38 3 38 48 4 8 54 35 48 48 4 48 61 48 48 48 35 38 45 4 48 48 48 48 38 48 48 48 54 1 45 1 48 48 48 48 8 48 48 0
0 4 4 4 4 4 4 4 48 48 41 48 54 34 48 48 48 48 62 6 48 48 34 58 48 48 48 54 48 48 35 48 48 48 54 4 4 8 48 48 5 48 4 4 4 0
0 5 5 5 5 5 5 5 5 48 48 48 54 32 34 48 48 48 48 48 48 48 32 48 48 48 48 48 18 48 32 48 48 48 54 48 48 48 48 1 5 5 5 5 5 0
0 1 1 1 1 1 1 1 1 1 48 48 58 31 48 48 46 48 48 48 48 52 31 58 4 48 48 58 48 48 31 48 48 48 54 48 48 38 2 48 1 1 1 1 1 0
0 2 2 2 2 2 12 2 2 2 2 48 58 31 48 4 46 48 48 47 8 4 31 28 3 48 48 48 48 48 30 8 48 48 4 4 8 3 48 2 2 2 2 2 2 0
0 43 43 43 43 3 3 3 3 43 3 3 8 30 48 48 48 48 8 47 48 48 30 24 58 8 48 4 48 48 28 48 48 28 54 8 48 48 3 3 3 3 3 3 3 0
0 4 4 4 4 44 44 4 4 4 44 4 4 28 5 48 48 4 8 48 48 8 28 14 48 4 8 48 6 48 25 48 48 48 4 48 48 4 4 4 4 4 4 4 4 0
0 5 5 5 35 5 5 45 5 5 5 5 1 25 1 48 48 48 7 8 48 48 25 28 30 48 8 4 4 48 25 8 48 48 1 5 5 5 5 5 5 5 5 5 5 0
0 1 1 1 1 1 1 1 1 1 1 19 5 28 28 1 48 4 48 48 28 48 28 48 48 48 48 8 8 8 28 4 8 2 4 1 1 1 1 1 1 1 1 1 1 0
0 2 2 2 2 2 2 2 2 2 2 2 2 24 2 2 2 48 48 48 48 48 22 48 48 48 48 48 8 4 24 28 3 48 2 2 2 2 2 2 2 2 2 2 2 0
0 3 3 3 3 3 3 3 3 3 3 3 3 22 3 3 3 3 48 48 48 38 20 48 8 48 5 48 48 48 22 48 4 3 3 3 3 3 3 3 3 3 3 9 3 0
0 4 4 4 4 4 4 4 4 4 4 4 4 20 4 4 4 4 4 48 48 48 18 48 48 48 48 48 48 5 20 48 4 4 4 4 4 4 4 4 4 4 43 54 4 0
0 5 5 1 5 5 5 55 5 5 5 5 5 18 1 5 51 5 5 5 48 48 48 48 48 18 48 48 1 5 18 1 5 5 5 5 5 5 5 5 55 5 5 5 5 0
0 1 11 5 1 1 1 1 1 1 1 1 1 18 18 1 1 1 1 1 1 48 16 48 48 48 48 2 48 1 18 18 1 1 1 1 1 1 1 1 1 1 1 1 1 0
0 2 2 2 2 2 2 2 2 2 2 2 2 16 2 2 2 2 2 12 2 48 16 48 38 48 3 48 2 2 16 2 2 2 2 2 2 2 2 2 2 2 2 2 2 0
0 3 3 3 3 3 31 3 3 3 3 3 3 13 3 3 3 3 3 3 3 3 13 48 38 4 48 3 3 3 13 3 3 3 3 3 3 3 63 3 3 3 3 43 3 0
0 4 4 4 4 4 4 4 4 4 4 14 44 4 4 4 4 4 4 4 4 4 4 4 48 48 4 4 4 4 4 14 4 4 4 4 4 4 54 4 4 4 4 4 4 0
0 5 5 5 5 5 5 5 5 5 5 5 5 5 5 55 5 5 5 5 5 1 5 5 48 1 5 5 1 5 5 15 5 55 5 5 5 45 5 5 55 5 5 5 5 0
0 1 1 1 1 1 1 1 1 1 1 1 1 1 1 1 1 1 1 1 11 5 1 1 28 48 1 11 5 1 1 1 1 1 1 1 1 1 1 1 1 1 1 1 1 0
0 2 2 2 2 2 2 2 2 2 2 2 2 2 32 2 2 2 2 2 2 2 2 2 48 2 2 2 2 12 2 2 2 2 2 2 2 2 2 2 2 2 2 2 2 0
0 3 3 3 3 3 3 3 3 3 3 3 3 3 3 3 3 3 13 3 3 3 3 3 48 3 3 3 3 3 3 3 3 3 3 3 3 3 3 3 3 3 3 33 3 0
0 4 4 4 4 4 4 4 4 4 4 4 4 14 4 4 4 4 4 4 4 14 14 4 4 4 4 4 4 4 14 4 4 4 4 4 4 4 4 4 4 4 4 4 4 0
0 0 0 0 0 0 0 0 0 0 0 0 0 0 0 0 0 0 0 0 0 0 0 0 0 0 0 0 0 0 0 0 0 0 0 0 0 0 0 0 0 0 0 0 0 0
