42 31 0 0
1000000000000000000000000000001
1100000000000001000000000000010
0000000000000011100000000000000
0000110000000111110000000000000
0001110000001111111000000110000
0011100000011111111100000100000
0011110000111111111110000010000
0111100001111111111111000011000
0011000001111111111111000010000
0001101011111111111111000000000
0001111111111111111111100010000
0011111111111111111111111111000
0001110011111111111111100000000
0000100001111111111111000000000
0001000000111111111110100000000
0000000001001111111100010000000
0000000010000111111000001000000
0000000100000011100100000100000
0000001000000001000010000000000
0000000000000001000000000000000
0001000000000001000000000000000
0011100000000001000000000000000
0011100000000011100000000100000
0001000000000011100000001000000
0000000000000111110000010000000
0000001000001111111000111000000
0000010100011111111101011110000
0000100010111111111110001110000
0011000001111111111111010111000
0000000001111111111111100011000
0000000001111111111111000000000
0000000001111111111111000000000
0011000001111111111111000000000
0011000001111111111111100000000
0000000001111111111111111000000
0000000010111111111110000100000
0000000100001111111000000010000
0000001000000111110000000010000
0011010000000011100000110000000
0110100000000011100000011000000
1100000000000001000000000000000
0000000000000000000000000000000
