42 31 0 0
1100000000000001000000000000011
1110000000000011100000000000111
1100110000000111110000000000010
0001111000001111111000000110000
0011111000011111111100001111000
0111110000111111111110001110000
0111111001111111111111000111000
1111110011111111111111100111100
0111101011111111111111100111000
0011111111111111111111100010000
0011111111111111111111111111000
0111111111111111111111111111100
0011111111111111111111111111000
0001110011111111111111100000000
0011100001111111111111110000000
0001000011111111111110111000000
0000000111001111111100011100000
0000001110000111111110001110000
0000011100000011100111000100000
0001001000000011100010000000000
0011100000000011100000000000000
0111110000000011100000000100000
0111110000000111110000001110000
0011100000000111110000011100000
0001001000001111111000111000000
0000011100011111111101111110000
0000111110111111111111111111000
0011110111111111111111011111000
0111100011111111111111111111100
0011000011111111111111110111100
0000000011111111111111100011000
0011000011111111111111100000000
0111100011111111111111100000000
0111100011111111111111111000000
0011000011111111111111111100000
0000000111111111111111111110000
0000001110111111111110000111000
0011011100001111111000110111000
0111111000000111110001111010000
1111110000000111110000111100000
1110100000000011100000011000000
1100000000000001000000000000000
