42 31 0 0
0000000000000000000000000000000
0000000000000000000000000000000
0000000000000001000000000000000
0000000000000011100000000000000
0000000000000110010000000000000
0000000000001100001000000000000
0000000000011100011100000000000
0000000000101100111010000000000
0000000000000000010000000000000
0000000000101000000010000000000
0000000000101100110110000000000
0000000001000111001111000000000
0000000000101010000110000000000
0000000000110001000110000000000
0000000000001000101000000000000
0000000000000000110000000000000
0000000000000001100000000000000
0000000000000001000000000000000
0000000000000000000000000000000
0000000000000000000000000000000
0000000000000000000000000000000
0001000000000000000000000000000
0001000000000001000000000000000
0000000000000001000000000000000
0000000000000011100000000000000
0000000000000110010000000000000
0000000000001100001000000000000
0000000000010010000000000000000
0000000000100001000000000000000
0000000000100001100000000000000
0000000000100011000010000000000
0000000000000110000110000000000
0000000000101110000010000000000
0000000000111001000000000000000
0000000000110000100010000000000
0000000000001001110000000000000
0000000000000111110000000000000
0000000000000011100000000000000
0000000000000001000000000000000
0000000000000001000000000000000
0000000000000000000000000000000
0000000000000000000000000000000
