42 31 0 0
0000000000000000000000000000000
0000000000000001000000000000000
0000000000000011100000000000000
0000000000000111110000000000000
0000000000001111111000000000000
0000000000011110011100000000000
0000000000111110111110000000000
0000000001111111111111000000000
0000000000101100111010000000000
0000000001111100110111000000000
0000000001111111111111000000000
0000000011101111111111100000000
0000000001111111001111000000000
0000000001111011101111000000000
0000000000111101111110000000000
0000000000001001111000000000000
0000000000000011110000000000000
0000000000000011100000000000000
0000000000000001000000000000000
0000000000000000000000000000000
0001000000000000000000000000000
0011100000000001000000000000000
0011100000000011100000000000000
0001000000000011100000000000000
0000000000000111110000000000000
0000000000001111111000000000000
0000000000011110011100000000000
0000000000111111001000000000000
0000000001110011100000000000000
0000000001110011110010000000000
0000000001110111100111000000000
0000000000101111001111000000000
0000000001111111000111000000000
0000000001111111100010000000000
0000000001111001110111000000000
0000000000111111111010000000000
0000000000001111111000000000000
0000000000000111110000000000000
0000000000000011100000000000000
0000000000000011100000000000000
0000000000000001000000000000000
0000000000000000000000000000000
