                                                                  
                                                                  
                                1                                 
                2 2 2         1 1 1                 3 3 3         
                  2 2 2     1 1 1 1 1               3 3 3         
                2   2 2       1 1 1 1 1           3 3 3           
                2 2 2       1 1 1 1 1 1 1       3 3 3             
            4 2 2 2   2 2 1 1 1 1 1 1 1 1 1           3 3 3       
          4     2   2 2 1 1 1 1 1 1 1 1 1 1 1       3 3 3         
          4 4 2 2 2 2 1 1 1 1 1 1 1 1 1 1 1 1         3           
                2   1 1 1 1 1 1 1 1 1 1 1 1 1           3         
      5 5 5   2 2   1 1 1 1 1 1 1 1 1 1 1 1 1             3       
      5 5 5   2     1 1 1 1 1 1 1 1 1 1 1 1 1 1                   
      5 5 5   2   1 1 1 1 1 1 1 1 1 1 1 1 1 1                     
      5 5 5         1 1 1 1 1 1 1 1 1 1 1 1 1                     
      5               1 1 1 1 1 1 1 1 1 1 1   1           6       
                    1     1 1 1 1 1 1 1                 6   6     
          7                 1 1 1 1 1                   6   6     
      8   7     9             1 1 1     10           11 6     6     
      8   7 7 7 7               1   1 1   10         6 6 6   6     
      8 7 7 7 7 7                                   6 6 6 6       
          7 7 7 7               12                 6 6 6 6         
                                12               6 6 6             
                              12 12 12               6 6 6           
                              12 12 12               6               
                                                                  

EQ Table: 
0	|1	|2	|3	|4	|5	|6	|7	|8	|9	|10	|11	|12	|
0	|1	|1	|3	|2	|5	|6	|7	|7	|7	|1	|6	|12	|
newLabel: 12

                                                                  
                                                                  
                                1                                 
                2 2 2         1 1 1                 3 3 3         
                  2 2 2     1 1 1 1 1               3 3 3         
                2   2 2       1 1 1 1 1           3 3 3           
                2 2 2       1 1 1 1 1 1 1       3 3 3             
            4 2 2 2   2 2 1 1 1 1 1 1 1 1 1           3 3 3       
          4     2   2 2 1 1 1 1 1 1 1 1 1 1 1       3 3 3         
          4 4 2 2 2 2 1 1 1 1 1 1 1 1 1 1 1 1         3           
                2   1 1 1 1 1 1 1 1 1 1 1 1 1           3         
      5 5 5   2 2   1 1 1 1 1 1 1 1 1 1 1 1 1             3       
      5 5 5   2     1 1 1 1 1 1 1 1 1 1 1 1 1 1                   
      5 5 5   2   1 1 1 1 1 1 1 1 1 1 1 1 1 1                     
      5 5 5         1 1 1 1 1 1 1 1 1 1 1 1 1                     
      5               1 1 1 1 1 1 1 1 1 1 1   1           6       
                    1     1 1 1 1 1 1 1                 6   6     
          7                 1 1 1 1 1                   6   6     
      8   7     9             1 1 1     10           11 6     6     
      8   7 7 7 7               1   1 1   10         6 6 6   6     
      8 7 7 7 7 7                                   6 6 6 6       
          7 7 7 7               12                 6 6 6 6         
                                12               6 6 6             
                              12 12 12               6 6 6           
                              12 12 12               6               
                                                                  

EQ Table: 
0	|1	|2	|3	|4	|5	|6	|7	|8	|9	|10	|11	|12	|
0	|1	|1	|3	|2	|5	|6	|7	|7	|7	|1	|6	|12	|
newLabel: 12

---EQ AFTER MANAGEMENT---
EQ Table: 
0	|1	|2	|3	|4	|5	|6	|7	|8	|9	|10	|11	|12	|
0	|1	|1	|3	|1	|5	|6	|7	|7	|7	|1	|6	|12	|
newLabel: 12

                                                                  
                                                                  
                                1                                 
                1 1 1         1 1 1                 3 3 3         
                  1 1 1     1 1 1 1 1               3 3 3         
                1   1 1       1 1 1 1 1           3 3 3           
                1 1 1       1 1 1 1 1 1 1       3 3 3             
            1 1 1 1   1 1 1 1 1 1 1 1 1 1 1           3 3 3       
          1     1   1 1 1 1 1 1 1 1 1 1 1 1 1       3 3 3         
          1 1 1 1 1 1 1 1 1 1 1 1 1 1 1 1 1 1         3           
                1   1 1 1 1 1 1 1 1 1 1 1 1 1           3         
      5 5 5   1 1   1 1 1 1 1 1 1 1 1 1 1 1 1             3       
      5 5 5   1     1 1 1 1 1 1 1 1 1 1 1 1 1 1                   
      5 5 5   1   1 1 1 1 1 1 1 1 1 1 1 1 1 1                     
      5 5 5         1 1 1 1 1 1 1 1 1 1 1 1 1                     
      5               1 1 1 1 1 1 1 1 1 1 1   1           6       
                    1     1 1 1 1 1 1 1                 6   6     
          7                 1 1 1 1 1                   6   6     
      7   7     7             1 1 1     1           6 6     6     
      7   7 7 7 7               1   1 1   1         6 6 6   6     
      7 7 7 7 7 7                                   6 6 6 6       
          7 7 7 7               12                 6 6 6 6         
                                12               6 6 6             
                              12 12 12               6 6 6           
                              12 12 12               6               
                                                                  

EQ Table: 
0	|1	|2	|3	|4	|5	|6	|7	|8	|9	|10	|11	|12	|
0	|1	|1	|3	|1	|5	|6	|7	|7	|7	|1	|6	|12	|
newLabel: 12

