                                                                  
                                                                  
          1 1 1 1 1 1 1 1 1 1 1 1 1 1 1 1 1 1 1                   
          1     1 1 1         1 1 1           1 3 3 3 3 3 3       
          1       1 1 1     1 1 1 1 1         1 3   3 3 3 3       
          1     1   1 1       1 1 1 1 1       1 3 3 3 3   3       
          1     1 1 1       1 1 1 1 1 1 1     1 3 3 3     3       
          1 1 1 1 1   1 1 1 1 1 1 1 1 1 1 1   1 3     3 3 3       
          1     1   1 1 1 1 1 1 1 1 1 1 1 1 1 1 3   3 3 3 3       
          1 1 1 1 1 1 1 1 1 1 1 1 1 1 1 1 1 1 1 3     3   3       
          1     1   1 1 1 1 1 1 1 1 1 1 1 1 1 1 3       3 3       
      5 5 5   1 1   1 1 1 1 1 1 1 1 1 1 1 1 1 1 3 3 3 3 3 3       
      5 5 5   1     1 1 1 1 1 1 1 1 1 1 1 1 1 1                   
      5 5 5   1   1 1 1 1 1 1 1 1 1 1 1 1 1 1 1                   
      5 5 5         1 1 1 1 1 1 1 1 1 1 1 1 1 1                   
      5 5 5           1 1 1 1 1 1 1 1 1 1 1   1 6 6 6 6 6 6 6     
          1         1     1 1 1 1 1 1 1       1 6       6   6     
      7 7 7 7 7 7           1 1 1 1 1         1 6       6   6     
      7   1     7             1 1 1     1     1 6   6 6     6     
      7   1 1 1 7 1 1 1 1 1 1 1 1 1 1 1 1 1 1 1 6   6 6 6   6     
      7 7 7 7 7 7                               6   6 6 6 6 6     
      7 7 7 7 7 7             12 12 12             6 6 6 6 6   6     
                              12 12 12             6 6 6       6     
                              12 12 12             6 6 6 6     6     
                              12 12 12             6 6 6 6 6 6 6     
                                                                  

